[39m[38;2;217;124;139m@[38;2;236;134;149m@@@@@@@@@@@@@@@@@@@@[38;2;237;138;147m@[38;2;241;155;135m@[38;2;244;168;126m@@@@@@@@@@@@[38;2;241;186;139m@[38;2;238;206;154m@[38;2;237;211;158m@@@@@@@@@@@[38;2;223;212;156m@[38;2;186;215;151m@ [39m
[38;2;217;124;139m@[38;2;236;134;149m@@@@@@@@@@@@@@@@@@[38;2;238;142;143m@[38;2;242;159;132m@[38;2;244;168;126m@@@@@@@@@@@[38;2;243;171;128m@[38;2;240;192;144m@[38;2;237;210;157m@[38;2;237;211;158m@@@@@@@@@@@[38;2;211;213;154m@[38;2;177;216;150m@[38;2;165;217;148m@@ [39m
[38;2;217;124;139m@[38;2;236;134;149m@@@@@@@@@@@@@@@@[38;2;239;147;140m@[38;2;243;163;129m@[38;2;244;168;126m@@@@@@@@@@@[38;2;243;175;132m@[38;2;239;198;148m@[38;2;237;211;158m@@@[38;2;235;209;157m@[38;2;196;176;137m@[38;2;194;174;136mR[38;2;207;185;142m@[38;2;237;211;158m@@@@[38;2;235;211;158m@[38;2;202;214;153m@[38;2;169;217;148m@[38;2;165;217;148m@@@@ [39m
[38;2;217;124;139m@[38;2;236;134;149m@@@@@@[38;2;201;117;132m@[38;2;174;103;119m~[38;2;132;83;100m"[38;2;167;99;115m~[38;2;134;84;101m7[38;2;171;103;119m7[38;2;191;112;128mF[38;2;200;118;131m@[38;2;240;152;137m@[38;2;244;167;127m@[38;2;244;168;126m@@@@@@@@@@@[38;2;242;182;136m@[38;2;238;203;152m@[38;2;237;211;158m@@[38;2;187;168;132m@[38;2;160;145;118mF[38;2;138;126;106m~[38;2;36;39;58m::::[38;2;178;160;127m5[38;2;237;211;158m@[38;2;229;212;157m@[38;2;191;215;152m@[38;2;165;217;148m@@@@@@@ [39m
[38;2;217;124;139m@[38;2;236;134;149m@@@@@@[38;2;151;92;108m$[38;2;36;39;58m:::::::[38;2;114;86;81m"[38;2;177;126;103mT[38;2;224;155;119m@[38;2;207;145;113m@[38;2;202;142;112mA[38;2;179;127;104mP[38;2;189;134;108mF[38;2;166;119;99mF[38;2;177;126;104mT[38;2;176;125;103mTT[38;2;177;126;104mT[38;2;162;141;115mF[38;2;181;163;130mF[38;2;167;151;123m#[38;2;198;178;138mP[38;2;146;132;110m~[38;2;36;39;58m:::::::[38;2;55;55;66m`[38;2;178;212;148m@[38;2;165;217;148m@@@@@@@@@ [39m
[38;2;217;124;139m@[38;2;236;134;149m@@@@@@[38;2;170;102;118m@[38;2;36;39;58m::::::::::::::::::::::::::::::::[38;2;160;210;144m@[38;2;165;217;148m@@@@@@@@@ [39m
[38;2;217;124;139m@[38;2;236;134;149m@@@@@@[38;2;225;129;143m@[38;2;36;39;58m:::::::::::::::::::::::::::::::[38;2;78;98;86mu[38;2;164;216;147m@[38;2;165;217;148m@@@@@@@[38;2;151;209;176m@[38;2;131;199;214m@ [39m
[38;2;217;124;139m@[38;2;236;134;149m@@@@[38;2;237;137;147m@[38;2;240;154;135m@[38;2;244;167;126m@[38;2;154;111;95mw[38;2;36;39;58m:::::::::::::::::::::::::::::::[38;2;131;170;123m~[38;2;137;179;128m@[38;2;165;217;148m@@@[38;2;163;216;151m@[38;2;145;206;187m@[38;2;126;196;223m@[38;2;124;195;227m@@ [39m
[38;2;217;124;139m@[38;2;236;134;149m@@[38;2;237;141;144m@[38;2;242;158;132m@[38;2;244;168;126m@@[38;2;183;129;105mB[38;2;83;67;72m~[38;2;36;39;58m::::::::::[38;2;140;147;175mg[38;2;167;175;205m$[38;2;191;200;233m@[38;2;200;209;242m@[38;2;182;190;222m@[38;2;184;192;224mg[38;2;128;135;161my[38;2;36;39;58m:::::[38;2;126;132;159my[38;2;195;203;237mg[38;2;199;208;242m@@[38;2;200;209;243m@[38;2;191;200;233m@[38;2;165;172;203mg[38;2;68;72;94m;[38;2;36;39;58m:::[38;2;125;162;119m7[38;2;159;213;157m@[38;2;139;203;198m@[38;2;124;195;227m@@@@@ [39m
[38;2;217;124;139m@[38;2;239;146;141m@[38;2;243;162;130m@[38;2;244;168;126m@@@[38;2;179;127;104mB[38;2;36;39;58m:::::::::::[38;2;176;184;216m$[38;2;157;165;194m@[38;2;126;132;159mM[38;2;200;209;243m~[38;2;114;119;145mT[38;2;134;141;168m7[38;2;138;145;173mF[38;2;160;168;198m@[38;2;141;148;176m@[38;2;36;39;58m::::[38;2;147;153;182m#[38;2;170;178;209m~[38;2;68;72;91m`[38;2;36;39;58m:[38;2;36;40;58m`[38;2;90;95;116m`[38;2;129;136;163m7[38;2;131;137;165mF[38;2;36;39;58m::::[38;2;77;113;138m7[38;2;123;194;226m@[38;2;124;195;227m@@@@@ [39m
[38;2;224;154;119m@[38;2;244;168;126m@@@@[38;2;232;160;122m@[38;2;36;39;58m::::::::::::[38;2;94;99;123m"[38;2;36;39;58m:::::::[38;2;39;42;61m`[38;2;36;39;58m:::::::::::::::::[38;2;96;147;174m3[38;2;124;195;227m@@@@@ [39m
[38;2;224;155;118m@[38;2;244;168;126m@@@@[38;2;168;120;99m$[38;2;36;39;58m::::::::::::::::::::::[38;2;151;158;187m@[38;2;201;210;244m@@[38;2;197;206;240m@[38;2;122;128;154mF[38;2;36;39;58m:::::::::::[38;2;69;98;122m4[38;2;124;195;227m@@@@@ [39m
[38;2;224;155;118m@[38;2;244;168;126m@@@@[38;2;136;100;88m$[38;2;36;39;58m:::::::::::::::::::::::[38;2;100;105;129m`[38;2;171;179;209m~[38;2;191;200;233m_[38;2;97;102;126m_[38;2;113;119;144my[38;2;106;111;136ms[38;2;36;39;58m:::::::::[38;2;71;103;126md[38;2;124;195;227m@@[38;2;126;194;227m@[38;2;160;177;236m@[38;2;193;161;244m@ [39m
[38;2;224;155;118m@[38;2;244;168;126m@@@@[38;2;174;130;106m$[38;2;36;39;58m::::::::::::::::::::[38;2;128;134;161m7[38;2;160;168;198m#[38;2;161;169;199m$[38;2;167;175;205m@[38;2;161;169;199mA[38;2;149;156;185mF[38;2;140;147;175mP[38;2;125;132;158mF[38;2;36;39;58m::::::::::[38;2;103;158;187m$[38;2;133;191;229m@[38;2;171;172;238m@[38;2;197;159;245m@@@ [39m
[38;2;224;155;118m@[38;2;244;168;126m@@[38;2;241;183;138m@[38;2;238;204;153m@[38;2;231;206;155m@[38;2;88;83;82m_[38;2;36;39;58m::::::::::::::::::::::::::::::::::::[38;2;139;135;192mg[38;2;180;168;241m@[38;2;197;159;245m@@@@@ [39m
[38;2;224;157;119m@[38;2;240;189;142m@[38;2;237;209;156m@[38;2;237;211;158m@@@[38;2;210;188;144m@[38;2;116;107;96m_[38;2;36;39;58m:::::::::::::::::::::::::::::::::[38;2;123;102;158m_[38;2;183;148;228mg[38;2;197;159;245m@@@@@@@ [39m
[38;2;218;194;147m@[38;2;237;211;158m@@@@@@[38;2;233;208;156m@[38;2;188;168;133my[38;2;36;39;58m::::::::::::::::::::::::::::::[38;2;93;81;123my[38;2;165;135;207mg[38;2;195;158;243m@[38;2;197;159;245m@@@@@@@@ [39m
[38;2;218;194;147m@[38;2;237;211;158m@@@@@@@@[38;2;227;208;155m@[38;2;145;175;128mg[38;2;96;123;99my[38;2;36;39;58m::::::::::::::::::::::::[38;2;40;42;62m:[38;2;138;115;176mg[38;2;172;140;215m$[38;2;197;159;245m@@@@@@@@@@@ [39m
[38;2;218;194;147m@[38;2;237;211;158m@@@@@@[38;2;223;212;156m@[38;2;185;215;151m@[38;2;165;217;148m@@@[38;2;161;211;145m@[38;2;36;39;58m:::::::::::::[38;2;217;140;148m@[38;2;211;137;146m$[38;2;198;129;138mg[38;2;168;113;123my[38;2;132;92;105mg[38;2;212;137;145mg[38;2;218;141;149m$[38;2;72;58;74m;[38;2;36;39;58m::[38;2;41;43;64m`[38;2;191;154;238m@[38;2;197;159;245m@@@@@@@@@@@@ [39m
[38;2;218;194;147m@[38;2;237;211;158m@@@@[38;2;212;213;154m@[38;2;177;216;150m@[38;2;165;217;148m@@@@@[38;2;107;138;106mE[38;2;36;39;58m:::::::::::::[38;2;218;141;149m@[38;2;237;152;159m@@[38;2;235;151;158m@[38;2;196;128;137mR[38;2;226;145;153m@[38;2;237;152;159m@[38;2;134;93;106mF[38;2;36;39;58m:::[38;2;149;123;189m@[38;2;197;159;245m@@@@@@@@@@@@ [39m
[38;2;218;194;147m@[38;2;237;211;158m@[38;2;234;211;158m@[38;2;202;214;153m@[38;2;168;217;148m@[38;2;165;217;148m@@@@@@[38;2;158;207;142m@[38;2;36;39;58m::::::::::::::[38;2;138;94;107m~[38;2;168;112;123mP[38;2;151;103;115mF[38;2;103;76;91m~[38;2;36;39;58m::[38;2;108;76;89m`[38;2;36;39;58m::::[38;2;142;117;181m4[38;2;197;159;245m@@@@@@@@@@@@ [39m
[38;2;209;195;146m@[38;2;191;215;151m@[38;2;165;217;148m@@@@@@@@@[38;2;113;146;111m$[38;2;36;39;58m:::::::::::::::::::::::::[38;2;105;90;138m4[38;2;197;159;245m@@@@@@@@@@@@ [39m
